0.000209461
0.000209461
0.000209461
0.000209461
0.000209461
0.000209461
0.000332991
0.000319017
0.000315886
0.000322931
0.000333726
0.000209461
0.000329883
0.000226003
0.000233479
0.000310875
0.000215443
0.000346692
0.000209461
0.000339773
0.000212869
0.000209461
0.000209461
0.000209461
0.000351688
0.000239412
0.000306732
0.000305659
0.000280151
0.000245383
0.000217612
0.000223148
0.000242163
0.000224482
0.000209461
0.000211182
0.000209461
0.000212402
0.000410458
0.000313779
0.000304533
0.000215822
0.000305899
0.00031492
0.000422548
0.000304925
0.000243617
0.000240813
0.000238155
0.000236209
0.000315442
0.000270328
0.000264272
0.000263113
0.000265285
0.000236661
0.000315233
0.000245383
0.000307832
0.000316122
0.000316694
0.000215822
0.000318648
0.000209461
0.000209461
0.000209461
0.000217191
0.000209461
0.000209461
0.000209461
0.000250165
0.000209461
0.000209461
0.000209461
0.000209461
0.000209461
0.000209461
0.000227269
0.000209461
0.000209461
0.000218613
0.000209461
0.000209461
0.000209461
0.000253893
0.000218359
0.000209461
0.000219775
0.000209461
0.000209461
0.000209461
0.000209461
0.000209461
0.000211731
0.000209461
0.000209461
0.000209461
0.000211262
0.000218365
0.000209461
0.000209461
0.000209461
0.000213987
0.000209461
0.000209461
0.000219913
0.000209461
0.000212479
0.000315592
0.000209461
0.000209461
0.000209461
0.000212479
0.000209461
0.000209461
0.000209461
0.000209461
0.000215862
0.000213987
0.000209461
0.000209461
0.000209461
0.00023782
0.000209461
0.00023782
0.000218962
0.000213286
0.000296923
0.000563226
0.000209461
0.000209461
0.000209461
0.000209461
0.000209461
0.000223603
0.000209461
0.000209461
0.000209461
0.000209461
0.000236192
0.000209461
0.000239141
0.000209461
0.000209461
0.000221392
0.000221127
0.000209461
0.000209461
0.000209461
0.000234979
0.000214317
0.00023416
0.000227097
0.000214593
0.000224866
0.000239141
0.000212365
0.000209461
0.000209461
0.000209461
0.000209461
0.000209461
0.000209461
0.000209461
0.000209461
0.000214549
0.000209461
0.000266846
0.000216542
0.000209461
0.000209461
0.000209461
0.000209461
0.000209461
0.000224132
0.000209461
0.000215558
0.000211262
0.000209461
0.000209461
0.000211262
0.000212502
0.000236236
0.000209461
0.000211262
0.000215481
0.000212821
0.000234767
0.000209461
0.000211731
0.000209461
0.000209461
0.000217556
0.000209461
0.000209461
0.000209461
0.000209461
0.000209461
0.000209461
0.000209461
0.000209461
0.000209461
0.000209461
0.000209461
0.000209461
0.000209461
0.000209461
0.000209461
0.000209461
0.000226898
0.000209461
0.000213213
0.000209461
0.000209461
0.000209461
0.000209461
0.000212365
0.000209461
0.000209461
0.000209461
0.000237939
0.000209461
0.000212502
0.000209461
0.000209461
0.000209461
0.000209461
0.00022565
0.000209461
0.000272109
0.000209461
0.000209461
0.000229127
0.000209461
0.000209461
0.000209461
0.000209461
0.00023782
0.000209461
0.000209461
0.000230531
0.000260387
0.000255392
0.000219089
0.000212966
0.000210773
0.000209461
0.000209461
0.000209461
0.000209461
0.000211262
0.000214593
0.000209461
0.000209461
0.000209461
0.000213422
0.000209461
0.000209461
0.000214618
0.000209461
0.000215429
0.000209461
0.000220628
0.000212365
0.000209461
0.000233933
0.000209461
0.000470922
0.000209461
0.000209461
0.000219936
0.000209461
0.000209461
0.000209461
0.000209461
0.000223632
0.000209461
0.000273113
0.000212053
0.000219122
0.000211731
0.000209461
0.000209461
0.000215229
0.000209461
0.000219122
0.000209461
0.000209461
0.000219672
0.000209461
0.000214618
0.000209461
0.000226992
0.000211262
0.000209461
0.000212502
0.000209461
0.000209461
0.000209461
0.000218365
0.000209461
0.000221127
0.000209461
0.000209461
0.000209461
0.000213603
0.000209461
0.000209461
0.000209461
0.000214674
0.000209461
0.000269119
0.000212966
0.000209461
0.000209461
0.000209461
0.000209461
0.000216584
0.000209461
0.000211182
0.000209461
0.000216014
0.000209461
0.000209461
0.000212402
0.000209461
0.000209461
0.000220929
0.000209461
0.000217204
0.000209461
0.000243689
0.000219936
0.000209461
0.000211182
0.000209461
0.000232916
0.000230112
0.000209461
0.000212849
0.000235969
0.000209461
0.000217542
0.000209461
0.000209461
0.000209461
0.000209461
0.000250614
0.000209461
0.000209461
0.000209461
0.000209461
0.000209461
0.000209461
0.000209461
0.000209461
0.000209461
0.000251863
0.000209461
0.000209461
0.00023782
0.000221333
0.000209461
0.000266289
0.000216881
0.000209461
0.000221333
0.000209461
0.000209461
0.000209461
0.000209461
0.000234901
0.000221127
0.000245481
0.000216057
0.000209461
0.000209461
0.00027539
0.000209461
0.000219151
0.000209461
0.00023782
0.000213213
0.000223812
0.000209461
0.000209461
0.000216905
0.000213943
0.000209461
0.000209461
0.000209461
0.000225556
0.000224629
0.000299332
0.000217556
0.000209461
0.000209461
0.000209461
0.000209461
0.000217556
0.000228606
0.000209461
0.000209461
0.000209461
0.000209461
0.000209461
0.000209461
0.000231871
0.000209461
0.000209461
0.000209461
0.000209461
0.000213603
0.000209461
0.000209461
0.000209461
0.000209461
0.000209461
0.000209461
0.000209461
0.000209461
0.000214598
0.000209461
0.000226437
0.000220017
0.000209461
0.000232144
0.000209461
0.000212479
0.000209461
0.000209461
0.000209461
0.000209461
0.000227474
0.000209461
0.000221333
0.000215409
0.000249459
0.000209461
0.000209461
0.000216584
0.000209461
0.000270051
0.00021531
0.000209461
0.000215861
0.000209461
0.000209461
0.000218834
0.000209461
0.000211731
0.000248587
0.000219122
0.000209461
0.00021806
0.000221457
0.000213987
0.000209461
0.000212849
0.000209461
0.000219805
0.000209461
0.000222168
0.000209461
0.000209461
0.000209461
0.000209461
0.000209461
0.000212966
0.000209461
0.000209461
0.000212821
0.000209461
0.000216209
0.000209461
0.000209461
0.000209461
0.000209461
0.000209461
0.000209461
0.000209461
0.000209461
0.000209461
0.000209461
0.000209461
0.000209461
0.000209461
0.000209461
0.000209461
0.000209461
0.000209461
0.000209461
0.000209461
0.000209461
0.000209461
0.000209461
0.000212053
0.000209461
0.000212053
0.000214593
0.000214381
0.000215111
0.000209461
0.000209461
0.000209461
0.000209461
0.000214139
0.000212053
0.000209461
0.000209461
0.000209461
0.000209461
0.000212053
0.000215444
0.000209461
0.000209461
0.000209461
0.000209461
0.000209461
0.000209461
0.000209461
0.000209461
0.000209461
0.000212402
0.000223843
0.000209461
0.000209461
0.000209461
0.000209461
0.000209461
0.000231633
0.000209461
0.000209461
0.000212966
0.000209461
0.000232271
0.000209461
0.000209461
0.000209461
0.000209461
0.000220259
0.000209461
0.000217413
0.000209461
0.000274283
0.000212869
0.000209461
0.000209461
0.000209461
0.000209461
0.000209461
0.000215299
0.000212053
0.000209461
0.000211262
0.000215862
0.000209461
0.000209461
0.000209461
0.000209461
0.000209461
0.000209461
0.000209461
0.000242851
0.000209461
0.000230717
0.000209461
0.000234901
0.000209461
0.000209461
0.000209461
0.000209461
0.000269725
0.000209461
0.000209461
0.000209461
0.000220264
0.000211182
0.000209461
0.000260013
0.000219454
0.000444874
0.000212966
0.000214123
0.000209461
0.000209461
0.000219181
0.000209461
0.000209461
0.000209461
0.000280639
0.000230096
0.000212288
0.000232044
0.000213213
0.000220752
0.000209461
0.000211731
0.000209461
0.000209461
0.000209461
0.000209461
0.000209461
0.000224561
0.000209461
0.000209461
0.000250479
0.000209461
0.000209461
0.000211182
0.000209461
0.000209461
0.000209461
0.000209461
0.000209461
0.000209461
0.000209461
0.000209461
0.000211182
0.000216209
0.000209461
0.000209461
0.000218365
0.000209461
0.000209461
0.000209461
0.000209461
0.000209461
0.000209461
0.000215821
0.000209461
0.000209461
0.000209461
0.000220187
0.000221127
0.000219936
0.000209461
0.000209461
0.000209461
0.000225043
0.000209461
0.000209461
0.000209461
0.000209461
0.000209461
0.000211262
0.000209461
0.000209461
0.000209461
0.000218365
0.000209461
0.000209461
0.000209461
0.000209461
0.000209461
0.000209461
0.000209461
0.000209461
0.000209461
0.000210773
0.000217556
0.000209461
0.000209461
0.000209461
0.000212966
0.000227841
0.000209461
0.000216509
0.000209461
0.000209461
0.000209461
0.000212479
0.000209461
0.000209461
0.000209461
0.000209461
0.000209461
0.000221333
0.000214077
0.000209461
0.000209461
0.000245847
0.000209461
0.000209461
0.000285772
0.000209461
0.000209461
0.000212953
0.000209461
0.000217643
0.000209461
0.000214317
0.000261336
0.000217554
0.000232322
0.000215339
0.000209461
0.000209461
0.000209461
0.000209461
0.000209461
0.000209461
0.000209461
0.000219089
0.000229533
0.000210773
0.000211262
0.000209461
0.000209461
0.000209461
0.000210773
0.000209461
0.000217732
0.000209461
0.000209461
0.000209461
0.000216881
0.000209461
0.000209461
0.000215206
0.00026726
0.00030777
0.000209461
0.000214549
0.000209461
0.000224473
0.000209461
0.000228569
0.0002345
0.000209461
0.000209461
0.000215026
0.000209461
0.000214858
0.000284714
0.000209461
0.000209461
0.000229819
0.000209461
0.000209461
0.000209461
0.000209461
0.000209461
0.000209461
0.000209461
0.000209461
0.000209461
0.000218707
0.000226571
0.000209461
0.000238
0.000209461
0.000224303
0.000209461
0.000256568
0.000209461
0.000209461
0.000239141
0.000209461
0.000209461
0.000209461
0.000209461
0.000217536
0.000209461
0.000209461
0.000217204
0.000226893
0.000245355
0.000315642
0.000209461
0.000209461
0.000209461
0.000209461
0.000239141
0.000209461
0.000209461
0.000214204
0.000209461
0.000209461
0.000237977
0.000209461
0.000209461
0.000209461
0.000209461
0.000215111
0.000224301
0.000209461
0.000209461
0.000209461
0.000209461
0.000237716
0.000222138
0.000228698
0.000235803
0.000209461
0.000209461
0.000209461
0.000209461
0.000209461
0.000220591
0.000230319
0.000209461
0.000209461
0.000209461
0.000224301
0.000228742
0.000230226
0.000209461
0.000209461
0.000209461
0.000209461
0.000209461
0.000211731
0.000209461
0.000209461
0.000260784
0.000209461
0.000209461
0.000209461
0.000222181
0.000211182
0.000209461
0.000209461
0.000209461
0.000209461
0.000209461
0.000209461
0.000209461
0.00021325
0.000209461
0.000212502
0.000209461
0.000240615
0.000234901
0.000214204
0.000209461
0.000209461
0.000209461
0.000238
0.000209461
0.000209461
0.000209461
0.000209461
0.000215299
0.000227679
0.000209461
0.000219773
0.000209461
0.000219024
0.000215822
0.000215299
0.000211717
0.000209461
0.000209461
0.000252416
0.000209461
0.000216394
0.000221738
0.000209461
0.000237677
0.000212849
0.000214593
0.000212365
0.000212053
0.000209461
0.000209461
0.000209461
0.000209461
0.000209461
0.000211731
0.000209461
0.00022377
0.000224301
0.00022901
0.000209461
0.000209461
0.000209461
0.000227983
0.000209461
0.000209461
0.000209461
0.000209461
0.000209461
0.000209461
0.000225589
0.000209461
0.000276392
0.000209461
0.000209461
0.000209461
0.000209461
0.000236668
0.000209461
0.000218365
0.000356416
0.000209461
0.000214858
0.000209461
0.000209461
0.000229533
0.000209461
0.000221333
0.000212402
0.000426501
0.000209461
0.000209461
0.000227009
0.000302201
0.000209461
0.000209461
0.00021817
0.000209461
0.000209461
0.000209461
0.000217567
0.000236286
0.000209461
0.000209461
0.000212479
0.000209461
0.000209461
0.000217342
0.000212869
0.000209461
0.000213508
0.000209461
0.000209461
0.000209461
0.000230889
0.000209461
0.000209461
0.000209461
0.000209461
0.000220166
0.000216509
0.000209461
0.000217582
0.000209461
0.000209461
0.000209461
0.000209461
0.000215026
0.000209461
0.000209461
0.000223843
0.000262654
0.000220076
0.000209461
0.000212479
0.000209461
0.000209461
0.000209461
0.000215235
0.000209461
0.000209461
0.000209461
0.000209461
0.000209461
0.000209461
0.000218643
0.000209461
0.000227887
0.000209461
0.000209461
0.000209461
0.000209461
0.000218646
0.000224188
0.000209461
0.000224712
0.000209461
0.000209461
0.000209461
0.000209461
0.000231598
0.000213603
0.000209461
0.000209461
0.000219611
0.000209461
0.000211182
0.000209461
0.000209461
0.000209461
0.000209461
0.000209461
0.000217204
0.000209461
0.000209461
0.000209461
0.000209461
0.000209461
0.000209461
0.000209461
0.000209461
0.000209461
0.000214618
0.000213508
0.000209461
0.000237504
0.000209461
0.000215299
0.000209461
0.000209461
0.000209461
0.000209461
0.000256572
0.000209461
0.000209461
0.000217556
0.000211731
0.000215339
0.000219364
0.000209461
0.000209461
0.000213422
0.000220372
0.000209461
0.000209461
0.000209461
0.000209461
0.000212849
0.000239141
0.000209461
0.000209461
0.000211731
0.000209461
0.000209461
0.000209461
0.000209461
0.000209461
0.000209461
0.000219936
0.000227269
0.000216584
0.000209461
0.000233333
0.000209461
0.000214618
0.000209461
0.000231721
0.000209461
0.000209461
0.000215822
0.000209461
0.000209461
0.000209461
0.000212479
0.000209461
0.000209461
0.000209461
0.000211262
0.000209461
0.000209461
0.000209461
0.000215235
0.000209461
0.000225681
0.000209461
0.000212053
0.000209461
0.000209461
0.000209461
0.000209461
0.000209461
0.000209461
0.000209461
0.000222763
0.000209461
0.000235843
0.000224301
0.000209461
0.000209461
0.000209461
0.000220635
0.000209461
0.000209461
0.000209461
0.000235694
0.000211731
0.000209461
0.000209461
0.000209461
0.000219936
0.000209461
0.000215111
0.000219024
0.000212288
0.000209461
0.000223609
0.000209461
0.000229974
0.000209461
0.000246854
0.000209461
0.000209461
0.000209461
0.000209461
0.000211731
0.000209461
0.000209461
0.000256564
0.000209461
0.000209461
0.000209461
0.000209461
0.000209461
0.000209461
0.000209461
0.000229241
0.000209461
0.000209461
0.000209461
0.000209461
0.00021593
0.000243458
0.000209461
0.000227776
0.00022316
0.000209461
0.000209461
0.000213422
0.000219913
0.000209461
0.000209461
0.00023073
0.000212053
0.000222158
0.000209461
0.000209461
0.000209461
0.000209461
0.000209461
0.000209461
0.000209461
0.000209461
0.000226688
0.000227147
0.000213438
0.000244531
0.000209461
0.000209461
0.000209461
0.000209461
0.000209461
0.000209461
0.000209461
0.000209461
0.000209461
0.000209461
0.000209461
0.000209461
0.000209461
0.000209461
0.00022662
0.000209461
0.000211731
0.000209461
0.000209461
0.00042705
0.000209461
0.000209461
0.000209461
0.000209461
0.000209461
0.000209461
0.000209461
0.000209461
0.00022729
0.000209461
0.000237171
0.000227611
0.000209461
0.000209461
0.000222972
0.000209461
0.000236221
0.000209461
0.000209461
0.000245886
0.000209461
0.000213603
0.000209461
0.000211731
0.000209461
0.000209461
0.000211731
0.000209461
0.000209461
0.000209461
0.000209461
0.000222861
0.000209461
0.000209461
0.000209461
0.000209461
0.000209461
0.000209461
0.000209461
0.000218365
0.000209461
0.000209461
0.000209461
0.000209461
0.000209461
0.000209461
0.000209461
0.000209461
0.000219936
0.000209461
0.000209461
0.000209461
0.000209461
0.000214618
0.000209461
0.00023804
0.000211262
0.000219277
0.000209461
0.000251242
0.000214549
0.000209461
0.000215111
0.000209461
0.000221927
0.000209461
0.000220107
0.00022789
0.000209461
0.000209461
0.000209461
0.000209461
0.000209461
0.000227869
0.000209461
0.000209461
0.000209461
0.000209461
0.000209461
0.000209461
0.000209461
0.000209461
0.00022316
0.000209461
0.000209461
0.00021325
0.000213422
0.000209461
0.000209461
0.000209461
0.000217556
0.000209461
0.000215444
0.000209461
0.000221029
0.000231479
0.000209461
0.000209461
0.000213508
0.000209461
0.000212402
0.000209461
0.000209461
0.000209461
0.000227269
0.000209461
0.000209461
0.000267443
0.000209461
0.000209461
0.000209461
0.000209461
0.000209461
0.000221333
0.000209461
0.000209461
0.000209461
0.000209461
0.000209461
0.000213422
0.000209461
0.000318916
0.000244182
0.000278147
0.000209461
0.000215111
0.000209461
0.000223603
0.000209461
0.000218602
0.000212288
0.000241143
0.000209461
0.000209461
0.000209461
0.000209461
0.000235416
0.000211717
0.000209461
0.000209461
0.000209461
0.000209461
0.000209461
0.000214089
0.000209461
0.000220166
0.000209461
0.000256442
0.000218067
0.000209461
0.000219823
0.000209461
0.000211182
0.000209461
0.000209461
0.000212821
0.00022266
0.000209461
0.000209461
0.000224301
0.000212502
0.000209461
0.000209461
0.000224638
0.000212365
0.000209461
0.000215111
0.000209461
0.000209461
0.000209461
0.000209461
0.000212966
0.000315995
0.000209461
0.000209461
0.000209461
0.000209461
0.000211731
0.000209461
0.000209461
0.000228742
0.000222392
0.000209461
0.000209461
0.000209461
0.000219936
0.000209461
0.000209461
0.000224301
0.000209461
0.000209461
0.000231227
0.000209461
0.000209461
0.000216705
0.000209461
0.000209461
0.000209461
0.000209461
0.000211731
0.000209461
0.000209461
0.000209461
0.000209461
0.000209461
0.000209461
0.000222181
0.000230593
0.000209461
0.000209461
0.000209461
0.000212502
0.000217204
0.000209461
0.000213603
0.000209461
0.000209461
0.000223951
0.00024435
0.000209461
0.000209461
0.000224834
0.000209461
0.000242324
0.000232773
0.000587006
0.000209461
0.000216542
0.000209461
0.000357968
0.000209461
0.000218613
0.000216016
0.000217556
0.000220591
0.000209461
0.000209461
0.000212288
0.000209461
0.000209461
0.000209461
0.000209461
0.000209461
0.000213987
0.000209461
0.000209461
0.000211262
0.000215822
0.000213987
0.000214618
0.000209461
0.000209461
0.000212053
0.000209461
0.000209461
0.000209461
0.000214618
0.000210773
0.000244705
0.000219618
0.000269511
0.000209461
0.000209461
0.000234878
0.000209461
0.00022316
0.000234053
0.000209461
0.000209461
0.000209461
0.000209461
0.000209461
0.000245191
0.000440564
0.000209461
0.000209461
0.000209461
0.000213508
0.000209461
0.000252491
0.000209461
0.000209461
0.000209461
0.000209461
0.000209461
0.000209461
0.000209461
0.000227924
0.000209461
0.000213213
0.000209461
0.000209461
0.000213213
0.000209461
0.000212288
0.000367981
0.000209461
0.000214077
0.000209461
0.000209461
0.000209461
0.000214139
0.000209461
0.000209461
0.000209461
0.000209461
0.000209461
0.000209461
0.000209461
0.000209461
0.000212288
0.000209461
0.000223128
0.000209461
0.000209461
0.000215805
0.000213213
0.000209461
0.000209461
0.000230096
0.000209461
0.000214549
0.000209461
0.000209461
0.000209461
0.000209461
0.000211262
0.000209461
0.000209461
0.000214618
0.000212365
0.000209461
0.000209461
0.000209461
0.000209461
0.000212966
0.000212966
0.000209461
0.000209461
0.000214317
0.000209461
0.000211182
0.000209461
0.000222181
0.000237387
0.000209461
0.000209461
0.000218414
0.000209461
0.000243102
0.000326894
0.000209461
0.000209461
0.000209461
0.000209461
0.000218112
0.000215111
0.000209461
0.000252315
0.000228513
0.000209461
0.000209461
0.000209461
0.000209461
0.000209461
0.000209461
0.000209461
0.000209461
0.000209461
0.000229653
0.000209461
0.000209461
0.000209461
0.000209461
0.000213603
0.000217204
0.000211262
0.000239244
0.000209461
0.000209461
0.000212966
0.000209461
0.000209461
0.000211731
0.000209461
0.000209461
0.000209461
0.000209461
0.000215984
0.000209461
0.000251061
0.000209461
0.000209461
0.000222904
0.000212479
0.000209461
0.000209461
0.000209461
0.000209461
0.000209461
0.000209461
0.000225033
0.000219326
0.000209461
0.000209461
0.000229609
0.000211262
0.000209461
0.000449022
0.000209461
0.000209461
0.000209461
0.000209461
0.000212365
0.000209461
0.000223503
0.000218365
0.000220752
0.000209461
0.000209461
0.000218142
0.000209461
0.000209461
0.000209461
0.000221392
0.000209461
0.000211262
0.000220734
0.000209461
0.000223503
0.000212502
0.000214771
0.000209461
0.000209461
0.000209461
0.000224759
0.000209461
0.000235883
0.000224463
0.000213854
0.000209461
0.000273027
0.000228371
0.000209461
0.000209461
0.000211731
0.000209461
0.000209461
0.000209461
0.000217096
0.000209461
0.000209461
0.000211262
0.000222181
0.000209461
0.000209461
0.000209461
0.000209461
0.000219915
0.000211731
0.000209461
0.000209461
0.000209461
0.000219936
0.000209461
0.000209461
0.000244507
0.000209461
0.000209461
0.000209461
0.000220107
0.000209461
0.000209461
0.000209461
0.000209461
0.000209461
0.000209461
0.000209461
0.000213508
0.000209461
0.000209461
0.000220446
0.000314476
0.000209461
0.000209461
0.000209461
0.000209461
0.000209461
0.000234053
0.000209461
0.000237352
0.000209461
0.000212053
0.000209461
0.000209461
0.000216904
0.000209461
0.000238612
0.000218359
0.000209461
0.000209461
0.000209461
0.000209461
0.000209461
0.000209461
0.000217425
0.000209461
0.000209461
0.000216782
0.000209461
0.000209461
0.000209461
0.000209461
0.000216881
0.000209461
0.000212402
0.000209461
0.000212502
0.000209461
0.000209461
0.000209461
0.000209461
0.000231721
0.000209461
0.000222619
0.000218642
0.000209461
0.000230959
0.000209461
0.000209461
0.000209461
0.000269768
0.000209461
0.000209461
0.000366489
0.000214593
0.000241439
0.000209461
0.000209461
0.000209461
0.000209461
0.000209461
0.000216542
0.000209461
0.000209461
0.000226571
0.000211262
0.000209461
0.000222232
0.000209461
0.000209461
0.000226665
0.000209461
0.000217342
0.000209461
0.000209461
0.000209461
0.000209461
0.000209461
0.000209461
0.000209461
0.000209461
0.000209461
0.000209461
0.000221047
0.000211182
0.000209461
0.000209461
0.000227019
0.000209461
0.000209461
0.000209461
0.000209461
0.000234901
0.000242331
0.000209461
0.000209461
0.000209461
0.000209461
0.000209461
0.000209461
0.000209461
0.000209461
0.000255578
0.000209461
0.000211182
0.000209461
0.000224725
0.000209461
0.000209461
0.000224173
0.000224131
0.000209461
0.000209461
0.000209461
0.000212365
0.000209461
0.000209461
0.000209461
0.000209461
0.000209461
0.000213508
0.000209461
0.000209461
0.000209461
0.000342957
0.000209461
0.000209461
0.000209461
0.000209461
0.000212402
0.000209461
0.000312764
0.000209461
0.000209461
0.000209461
0.000209461
0.000211262
0.000209461
0.000226332
0.000211731
0.000209461
0.000229974
0.000209461
0.000209461
0.000209461
0.000209461
0.000209461
0.000209461
0.000209461
0.000209461
0.000209461
0.000209461
0.000274222
0.000217858
0.000248693
0.000209461
0.000209461
0.000222181
0.000209461
0.000211262
0.00022565
0.000209461
0.000217612
0.000209461
0.000209461
0.000209461
0.00022485
0.000220591
0.000209461
0.000216391
0.000209461
0.000209461
0.000209461
0.000215299
0.000215299
0.000209461
0.000215821
0.00022789
0.000212288
0.000215481
0.000213422
0.000209461
0.000209461
0.000210773
0.000209461
0.000215821
0.00022316
0.000209461
0.000209461
0.000209461
0.000209461
0.000209461
0.000209461
0.000209461
0.000209461
0.000220324
0.000209461
0.000209461
0.000209461
0.000209461
0.000209461
0.000209461
0.000218707
0.000209461
0.000209461
0.000229611
0.000209461
0.000209461
0.000209461
0.000231107
0.000209461
0.000221333
0.000209461
0.000209461
0.000209461
0.000209461
0.000209461
0.000209461
0.000211731
0.000209461
0.000209461
0.000209461
0.00021325
0.000209461
0.000209461
0.000211182
0.000209461
0.000209461
0.000209461
0.000209461
0.000209461
0.000209461
0.000209461
0.000209461
0.000209461
0.000219936
0.000209461
0.000209461
0.000224497
0.000209461
0.000250252
0.000209461
0.000209461
0.000226552
0.000209461
0.000209461
0.000222841
0.000250205
0.000209461
0.000209461
0.000209461
0.000209461
0.000209461
0.000209461
0.000211262
0.000209461
0.000209461
0.000209461
0.000209461
0.000209461
0.000215429
0.000209461
0.000209461
0.000211262
0.000209461
0.000209461
0.000211731
0.000212849
0.000209461
0.000246578
0.000217285
0.000209461
0.000229221
0.000209461
0.000209461
0.000209461
0.000221127
0.000216016
0.00021325
0.000209461
0.000209461
0.000222206
0.000209461
0.000212365
0.000209461
0.000209461
0.000210773
0.000231721
0.000209461
0.000209461
0.000209461
0.000209461
0.000209461
0.000209461
0.000221333
0.000209461
0.000233393
0.00022538
0.000221962
0.000209461
0.000218834
0.000209461
0.000209461
0.00021325
0.000209461
0.000209461
0.000209461
0.000209461
0.000209461
0.000209461
0.000209461
0.000209461
0.000209461
0.000209461
0.000209461
0.000209461
0.000209461
0.000209461
0.000209461
0.000209461
0.000209461
0.000209461
0.000209461
0.000209461
0.000209461
0.000209461
0.000213943
0.000209461
0.000209461
0.000209461
0.000209461
0.000209461
0.000209461
0.000209461
0.000209461
0.000209461
0.000209461
0.000209461
0.000209461
0.000209461
0.000209461
0.000209461
0.000209461
0.000209461
0.000209461
0.000209461
0.000209461
0.000209461
0.000212966
0.000209461
0.000209461
0.000209461
0.000213943
0.000209461
0.000231025
0.000222439
0.000211182
0.000211182
0.00021467
0.000212966
0.000209461
0.000223221
0.000209461
0.000209461
0.000209461
0.000224451
0.000212966
0.000227268
0.000209461
0.000209461
0.000209461
0.000234901
0.000209461
0.000212869
0.000220187
0.000209461
0.000209461
0.000209461
0.000209461
0.000209461
0.000209461
0.000307712
0.000209461
0.000209461
0.000242021
0.000209461
0.000209461
0.00021303
0.000209461
0.000216584
0.000209461
0.000213422
0.000209461
0.000209461
0.000209461
0.000223533
0.000251403
0.000209461
0.000209461
0.000214204
0.00021459
0.000214204
0.000215925
0.000209461
0.000209461
0.000212869
0.000209461
0.000212869
0.000209461
0.000212869
0.000214204
0.000209461
0.000215925
0.000209461
0.000209461
0.000224898
0.000212869
0.000209461
0.000214204
0.000212869
0.000212869
0.000209461
0.000211731
0.000209461
0.000209461
0.000243231
0.000215821
0.000209461
0.000229539
0.000209461
0.000209461
0.000209461
0.000219089
0.000239141
0.000209461
0.000209461
0.000218613
0.000213603
0.000209461
0.000209461
0.000209461
0.000251819
0.000209461
0.000209461
0.000209461
0.000213286
0.000209461
0.000213422
0.000209461
0.000209461
0.000209461
0.000227786
0.000209461
0.000214139
0.000223918
0.000235032
0.000209461
0.000409875
0.000209461
0.000253393
0.000209461
0.000209461
0.000209461
0.000209461
0.000209461
0.000209461
0.000209461
0.000209461
0.000248387
0.000209461
0.000209461
0.000209461
0.000222181
0.000213422
0.000223632
0.00024435
0.000209461
0.000216227
0.000209461
0.000227269
0.000209461
0.000213213
0.000209461
0.000209461
0.000209461
0.000209461
0.000209461
0.000215879
0.00021459
0.000209461
0.000217462
0.000245831
0.000311118
0.000209461
0.000209461
0.000209461
0.000222181
0.000215821
0.000209461
0.000209461
0.000212479
0.000209461
0.000209461
0.000293807
0.000209461
0.000252299
0.000209461
0.000209461
0.000335754
0.000209461
0.000212479
0.000209461
0.000217556
0.000209461
0.000220591
0.000269842
0.000212479
0.000209461
0.000215821
0.000209461
0.000215235
0.000209461
0.000209461
0.000209461
0.000226684
0.000209461
0.000209461
0.000211731
0.000209461
0.000299444
0.000213286
0.000209461
0.000233725
0.000209461
0.000209461
0.000209461
0.000262706
0.000209461
0.00021903
0.000212365
0.000209461
0.000209461
0.00035192
0.000212365
0.000209461
0.000209461
0.000209461
0.000209461
0.000209461
0.000209461
0.000211262
0.000209461
0.000209461
0.000209461
0.000209461
0.000209461
0.000209461
0.000209461
0.000209461
0.000209461
0.000209461
0.000212365
0.00023078
0.000209461
0.000223753
0.000209461
0.000214593
0.000209461
0.000211262
0.000225222
0.000209461
0.000209461
0.000212849
0.000212849
0.000209461
0.000214593
0.000209461
0.000209461
0.000209461
0.000209461
0.000212502
0.000209461
0.000211262
0.000209461
0.000209461
0.000382815
0.000209461
0.000209461
0.000209461
0.000209461
0.000211182
0.000221623
0.000223825
0.000209461
0.000209461
0.000209461
0.000209461
0.000209461
0.000244419
0.000209461
0.000245098
0.000209461
0.00022394
0.000308359
0.000209461
0.000209461
0.000217427
0.000209461
0.000214381
0.000209461
0.000209461
0.000209461
0.000228609
0.000212821
0.000209461
0.000223324
0.000214381
0.000209461
0.000209461
0.000209461
0.000209461
0.000209461
0.000223495
0.000209461
0.000209461
0.000209461
0.000209461
0.000219936
0.000209461
0.000219781
0.000223006
0.000209461
0.000209461
0.000216258
0.000209461
0.000220591
0.000212849
0.000209461
0.000209461
0.000209461
0.000209461
0.000209461
0.000209461
0.000209461
0.000217536
0.000209461
0.000209461
0.000220591
0.000209461
0.000209461
0.000209461
0.000210773
0.000209461
0.000209461
0.000209461
0.000212502
0.000212053
0.000209461
0.000216509
0.000212365
0.00022792
0.000209461
0.000217582
0.000209461
0.000209461
0.000209461
0.000209461
0.000374341
0.000209461
0.000209461
0.000209461
0.000209461
0.000209461
0.000209461
0.000209461
0.000209461
0.000209461
0.000209461
0.000224423
0.000209461
0.000209461
0.000209461
0.000218059
0.000209461
0.000247579
0.000209461
0.000209461
0.000210773
0.000209461
0.000253533
0.000224274
0.000209461
0.000209461
0.000209461
0.000209461
0.000213987
0.000220349
0.000209461
0.000209461
0.000209461
0.000211731
0.000209461
0.000215409
0.000209461
0.000211182
0.000209461
0.000209461
0.000209461
0.000209461
0.000209461
0.000209461
0.000209461
0.000209461
0.000214123
0.000209461
0.000209461
0.000209461
0.000209461
0.000224303
0.000209461
0.000210773
0.000209461
0.000212402
0.000209461
0.000212288
0.000209461
0.000209461
0.000228004
0.000209461
0.000237282
0.000209461
0.000209461
0.000221685
0.000216881
0.000209461
0.000215821
0.000212494
0.000209461
0.000209461
0.000209461
0.000209461
0.000214204
0.000209461
0.000245847
0.000209461
0.000218102
0.000209461
0.000209461
0.000221999
0.000209461
0.000218102
0.000209461
0.000218102
0.000218102
0.000209461
0.000209461
0.000209461
0.000209461
0.000232244
0.000209461
0.000212402
0.000209461
0.000220372
0.000209461
0.000211182
0.000209461
0.000209461
0.000209461
0.00022411
0.000255986
0.000220752
0.000217536
0.000209461
0.000211731
0.000209461
0.000209461
0.000374552
0.000227669
0.000209461
0.000212494
0.000209461
0.000209461
0.000209461
0.000222446
0.000209461
0.000209461
0.000234901
0.000209461
0.000228031
0.000209461
0.000230006
0.000209461
0.000212494
0.000209461
0.000209461
0.000218359
0.000215111
0.000209461
0.000209461
0.000214618
0.000209461
0.000209461
0.000209461
0.000230063
0.000209461
0.000217285
0.000212502
0.000209461
0.000218468
0.000209461
0.000209461
0.000209461
0.000209461
0.000213508
0.000220784
0.00022221
0.000222169
0.000216258
0.000227269
0.000216016
0.000209461
0.000211731
0.0002256
0.000210773
0.000209461
0.000234901
0.000209461
0.000209461
0.000209461
0.000209461
0.000211731
0.000209461
0.000209461
0.000209461
0.000209461
0.000209461
0.000209461
0.000217303
0.000209461
0.000209461
0.000209461
0.000211182
0.000211182
0.000274655
0.000209461
0.000209461
0.000223169
0.000209461
0.000209461
0.000209461
0.000209461
0.000209461
0.000209461
0.000209461
0.000209461
0.000209461
0.000209461
0.000209461
0.000209461
0.000209461
0.000209461
0.000209461
0.000209461
0.000235057
0.000235843
0.000220752
0.000209461
0.000209461
0.000209461
0.000209461
0.000209461
0.000219936
0.000209461
0.000209461
0.000228348
0.000209461
0.000209461
0.000209461
0.000209461
0.000228533
0.000209461
0.000209461
0.000224845
0.000209461
0.000209461
0.000209461
0.000209461
0.000209461
0.000209461
0.000209461
0.000209461
0.000209461
0.000209461
0.000209461
0.000227713
0.000209461
0.000213987
0.000313838
0.000209461
0.000211262
0.000209461
0.000209461
0.000209461
0.000209461
0.000209461
0.000209461
0.000209461
0.000219936
0.000209461
0.000211717
0.000209461
0.000209461
0.000209461
0.000209461
0.000209461
0.000209461
0.000209461
0.000209461
0.000211262
0.00021589
0.000209461
0.000209461
0.000209461
0.000209461
0.000221516
0.000211262
0.000212053
0.000209461
0.000209461
0.000209461
0.000213987
0.000209461
0.000223032
0.000209461
0.000209461
0.000214593
0.000209461
0.000209461
0.000209461
0.000209461
0.000209461
0.000227269
0.000209461
0.000209461
0.000209461
0.000209461
0.000224301
0.000215111
0.000210773
0.000209461
0.000209461
0.000209461
0.000245711
0.000209461
0.000220885
0.000209461
0.000222181
0.000222158
0.000209461
0.000209461
0.000223165
0.000217536
0.000226178
0.000219936
0.000220752
0.000209461
0.000209461
0.000222181
0.000209461
0.000211182
0.000209461
0.000224635
0.000209461
0.000218055
0.000209461
0.000213987
0.000235244
0.000209461
0.000209461
0.000209461
0.000222314
0.000223481
0.000209461
0.000217172
0.000220745
0.000209461
0.000265197
0.000209461
0.000209461
0.000209461
0.000240177
0.000209461
0.000209461
0.000218839
0.000209461
0.000211262
0.000209461
0.000222181
0.000209461
0.000209461
0.000217556
0.000209461
0.000209461
0.000213987
0.000209461
0.000209461
0.000209461
0.000217536
0.000209461
0.000209461
0.000222181
0.000209461
0.000209461
0.000209461
0.000211262
0.000209461
0.000209461
0.000217582
0.000211262
0.000209461
0.000209461
0.000235694
0.000245077
0.000260438
0.000211182
0.000211182
0.000209461
0.000209461
0.000209461
0.000209461
0.000223495
0.000215602
0.000209461
0.000209461
0.000228071
0.000209461
0.000212053
0.000212849
0.000212365
0.000212365
0.000209461
0.000209461
0.000209461
0.000211731
0.000209461
0.000244614
0.000209461
0.000209461
0.000209461
0.000218987
0.000209461
0.000209461
0.000209461
0.000209461
0.000209461
0.000209461
0.000220949
0.000235306
0.000209461
0.000209461
0.000220591
0.000209461
0.000209461
0.000226332
0.000209461
0.000211731
0.000211731
0.000209461
0.000209461
0.000224423
0.000209461
0.000212966
0.000233443
0.000209461
0.000209461
0.000220591
0.000209461
0.000209461
0.000209461
0.000246207
0.000209461
0.000209461
0.000209461
0.000228771
0.000209461
0.000209461
0.000214077
0.000209461
0.000209461
0.000209461
0.000216258
0.000227269
0.000209461
0.000238865
0.000209461
0.000209461
0.000265147
0.000209461
0.000222042
0.000209461
0.000219024
0.000209461
0.000209461
0.000209461
0.000220591
0.000209461
0.000319161
0.000209461
0.000209461
0.000211262
0.000209461
0.000209461
0.000209461
0.000209461
0.000209461
0.000209461
0.000209461
0.000209461
0.000311118
0.00025282
0.000265774
0.00024375
0.000212288
0.000216154
0.000223493
0.000215822
0.000209461
0.000209461
0.000211731
0.000209461
0.000209461
0.000209461
0.000209461
0.000212966
0.000209461
0.000209461
0.000209461
0.000209461
0.000209461
0.000209461
0.000212953
0.000224905
0.000209461
0.000209461
0.000216881
0.000209461
0.000209461
0.000218734
0.000209461
0.000209461
0.000221949
0.000209461
0.000209461
0.000209461
0.000221389
0.000209461
0.000209461
0.000211731
0.00022316
0.000209461
0.000209461
0.000212402
0.000209461
0.000219151
0.000209461
0.000210773
0.000209461
0.000209461
0.000209461
0.000219936
0.000212365
0.000214562
0.000209461
0.000209461
0.000249609
0.000209461
0.000209461
0.000223503
0.000209461
0.000209461
0.000209461
0.000209461
0.000209461
0.000209461
0.000211731
0.000212494
0.000209461
0.000214317
0.000209461
0.000220107
0.000212288
0.000252855
0.000209461
0.000213213
0.000209461
0.000209461
0.000209461
0.000209461
0.000209461
0.000209461
0.000209461
0.000226671
0.000213286
0.000209461
0.000209461
0.000219473
0.000222181
0.000209461
0.000209461
0.000209461
0.000209461
0.000209461
0.000209461
0.000209461
0.000217556
0.000216881
0.000209461
0.000209461
0.000213603
0.000209461
0.000216509
0.000209461
0.00022976
0.000209461
0.000209461
0.000249623
0.000209461
0.000209461
0.000209461
0.000209461
0.000209461
0.000224301
0.000209461
0.000209461
0.000209461
0.000223262
0.000217556
0.000209461
0.000235164
0.000209461
0.000209461
0.000209461
0.000209461
0.000209461
0.000209461
0.000209461
0.000209461
0.000209461
0.000209461
0.000209461
0.000209461
0.000209461
0.000209461
0.000209461
0.000209461
0.000209461
0.00022565
0.000209461
0.000209461
0.000209461
0.000248284
0.000209461
0.000209461
0.000209461
0.000209461
0.000209461
0.000209461
0.000241197
0.000209461
0.000209461
0.000209461
0.000211731
0.000209461
0.000209461
0.000240561
0.000209461
0.000227119
0.00021835
0.000209461
0.000209461
0.000209461
0.000209461
0.000209461
0.000209461
0.000209461
0.000209461
0.000209461
0.000227562
0.000218834
0.000212402
0.000214674
0.000214622
0.000209461
0.000209461
0.000209461
0.000209461
0.000212053
0.000221202
0.000209461
0.000209461
0.000209461
0.000209461
0.000209461
0.000209461
0.000209461
0.000209461
0.000209461
0.000209461
0.000224374
0.000209461
0.000209461
0.000244225
0.000209461
0.000209461
0.000364188
0.000209461
0.000209461
0.000209461
0.000211182
0.000209461
0.000209461
0.000265778
0.000209461
0.000243899
0.000209461
0.000209461
0.000209461
0.000209461
0.000209461
0.000222581
0.000209461
0.000209461
0.000230888
0.000209461
0.000211262
0.000209461
0.000219024
0.000209461
0.000212365
0.000209461
0.000209461
0.000230377
0.000209461
0.000268246
0.000209461
0.000211262
0.000209461
0.000245525
0.000209461
0.000209461
0.000209461
0.000209461
0.000209461
0.000209461
0.000209461
0.000209461
0.000216718
0.000209461
0.000209461
0.000209461
0.000209461
0.000209461
0.000209461
0.000209461
0.000220107
0.000209461
0.000209461
0.000215111
0.000209461
0.000221495
0.000337836
0.000209461
0.00021627
0.000213508
0.000209461
0.000213508
0.000231721
0.000209461
0.000209461
0.000209461
0.000256224
0.000209461
0.000209461
0.000217204
0.000211731
0.000259227
0.000209461
0.000209461
0.000212953
0.000222033
0.000209461
0.00021325
0.000209461
0.000209461
0.000214618
0.000221371
0.000209461
0.000209461
0.000209461
0.000219963
0.000209461
0.000209461
0.000209461
0.000238218
0.000221127
0.000209461
0.000209461
0.000209461
0.000239042
0.000209461
0.000209461
0.000209461
0.000209461
0.000209461
0.000209461
0.000209461
0.000209461
0.000212288
0.000209461
0.000223979
0.000209461
0.000209461
0.000209461
0.000216057
0.000230388
0.000209461
0.000209461
0.000209461
0.000209461
0.000209461
0.000209461
0.000209461
0.000209461
0.000209461
0.000243496
0.000209461
0.000209461
0.000209461
0.000209461
0.000209461
0.000209461
0.000209461
0.000209461
0.000209461
0.000209461
0.000209461
0.000209461
0.000209461
0.000209461
0.000209461
0.000209461
0.000209461
0.000209461
0.000213603
0.000209461
0.000209461
0.000209461
0.000229698
0.000209461
0.000209461
0.000209461
0.000209461
0.000220095
0.000209461
0.000209461
0.000209461
0.000209461
0.000209461
0.000209461
0.000209461
0.000231721
0.000209461
0.000211262
0.000250555
0.000219913
0.000209461
0.000209461
0.000209461
0.000209461
0.000209461
0.000209461
0.000232538
0.000209461
0.000233629
0.000215821
0.000209461
0.000209461
0.000209461
0.000209461
0.000209461
0.00021721
0.000209461
0.000209461
0.000249767
0.000218365
0.000251122
0.000209461
0.000209461
0.000209461
0.000209461
0.000209461
0.000209461
0.000245077
0.000209461
0.000209461
0.00021884
0.000211731
0.000220591
0.000209461
0.000211262
0.000209461
0.000209461
0.000209461
0.000209461
0.000209461
0.000209461
0.000219936
0.000209461
0.00027092
0.000225651
0.000209461
0.000209461
0.000221251
0.000221426
0.000219936
0.000209461
0.000209461
0.000213422
0.000213286
0.000209461
0.000209461
0.000209461
0.000209461
0.000209461
0.000209461
0.000209461
0.000232219
0.000212966
0.000216881
0.000209461
0.000209461
0.000209461
0.000209461
0.000217204
0.000209461
0.000209461
0.000209461
0.000209461
0.000209461
0.000209461
0.000209461
0.000209461
0.000209461
0.000361677
0.000209461
0.000252067
0.000209461
0.000209461
0.000209461
0.000209461
0.000220752
0.000209461
0.000245077
0.000209461
0.000209461
0.000246941
0.000252807
0.000213286
0.000228397
0.00021703
0.000209461
0.000209461
0.00021589
0.000217425
0.000209461
0.000301658
0.000243842
0.000209461
0.000209461
0.000219089
0.000209461
0.000212365
0.000265484
0.000216209
0.00026087
0.000209461
0.000209461
0.000209461
0.000209461
0.000209461
0.000209461
0.000209461
0.000212966
0.000209461
0.000209461
0.000209461
0.000218365
0.000219936
0.0002262
0.000209461
0.000209461
0.000209461
0.000209461
0.000242013
0.000209461
0.000219922
0.000209461
0.000231633
0.000209461
0.000219122
0.000209461
0.000212479
0.000209461
0.000209461
0.000209461
0.000209461
0.000209461
0.00026387
0.000222406
0.000209461
0.000243805
0.000209461
0.000209461
0.000209461
0.000209461
0.000209461
0.000230008
0.000209461
0.000209461
0.000209461
0.000209461
0.000219122
0.000227269
0.000209461
0.000244047
0.000220752
0.000209461
0.000209461
0.000209461
0.000239141
0.000241823
0.000209461
0.000209461
0.000209461
0.000278773
0.000209461
0.000209461
0.000218834
0.000209461
0.000209461
0.000218766
0.000209461
0.000209461
0.000219618
0.000209461
0.000216258
0.000209461
0.000245794
0.000209461
0.000209461
0.000209461
0.000238177
0.000209461
0.000209461
0.000226137
0.000209461
0.000209461
0.000209461
0.000209461
0.000209461
0.000227437
0.000211182
0.000214971
0.000209461
0.000212288
0.000209461
0.000209461
0.000209461
0.000211731
0.000211731
0.000209461
0.000305556
0.000209461
0.000239411
0.000209461
0.000211262
0.000209461
0.000224301
0.000209461
0.000209461
0.000220126
0.000209461
0.000209461
0.000255006
0.000226183
0.00021721
0.000211731
0.000209461
0.000209461
0.000209461
0.000209461
0.000230353
0.000211731
0.000209461
0.000212502
0.000209461
0.000209461
0.000217556
0.000210773
0.000209461
0.000209461
0.000209461
0.000209461
0.000209461
0.000215026
0.000209461
0.000209461
0.000209461
0.000209461
0.000217141
0.000212821
0.000209461
0.000209461
0.000209461
0.000209461
0.000209461
0.000236653
0.000209461
0.000209461
0.000209461
0.000209461
0.000249863
0.000209461
0.000240681
0.000209461
0.000209461
0.000209461
0.000209461
0.000209461
0.000209461
0.000211262
0.000209461
0.000209461
0.000209461
0.000209461
0.000209461
0.000219353
0.000209461
0.000209461
0.00021465
0.000209461
0.000209461
0.000209461
0.000224343
0.000209461
0.000209461
0.000209461
0.000215821
0.000209461
0.000209461
0.0002273
0.000211731
0.000209461
0.000209461
0.000209461
0.000239141
0.000211731
0.000209461
0.000209461
0.000209461
0.000209461
0.000214995
0.000209461
0.000237458
0.000209461
0.000209461
0.000209461
0.000220752
0.000220752
0.000209461
0.000209461
0.000209461
0.000209461
0.000219963
0.000217556
0.000226993
0.000209461
0.000209461
0.000209461
0.000209461
0.000209461
0.000209461
0.000209461
0.000224301
0.000209461
0.000218365
0.000231791
0.000219936
0.000209461
0.000209461
0.000209461
0.000209461
0.000209461
0.000209461
0.000209461
0.000213532
0.000256047
0.000209461
0.000209461
0.000209461
0.000209461
0.000209461
0.000209461
0.000209461
0.000212869
0.000209461
0.000209461
0.000211731
0.000209461
0.000246804
0.000220591
0.000209461
0.000224173
0.00027396
0.00022565
0.000209461
0.000209461
0.000219936
0.000209461
0.000238598
0.000210773
0.000213987
0.000209461
0.000209461
0.000209461
0.000209461
0.000209461
0.000209461
0.000209461
0.000209461
0.000209461
0.000215444
0.000209461
0.000212479
0.000209461
0.000209461
0.000209461
0.000222043
0.000209461
0.000211731
0.000209461
0.000214381
0.000209461
0.000215429
0.000212953
0.000209461
0.000211182
0.000213854
0.000219336
0.000209461
0.000209461
0.000209461
0.000209461
0.000209461
0.00023991
0.000209461
0.000209461
0.000209461
0.000209461
0.000209461
0.000209461
0.000220591
0.000209461
0.000209461
0.000209461
0.000209461
0.000211262
0.000276392
0.000209461
0.000209461
0.000209461
0.000209461
0.000209461
0.000209461
0.000209461
0.000209461
0.000209461
0.000209461
0.00024413
0.00030714
0.000209461
0.000209461
0.000209461
0.000225385
0.000209461
0.000209461
0.000254192
0.00023004
0.000246786
0.000209461
0.000209461
0.000227313
0.000209461
0.000209461
0.000209461
0.000209461
0.000209461
0.000209461
0.000209461
0.000211182
0.000212053
0.000209461
0.000209461
0.000209461
0.000216881
0.000209461
0.000237602
0.000209461
0.000209461
0.000209461
0.000209461
0.000209461
0.000209461
0.000209461
0.000218359
0.000209461
0.000314747
0.000218958
0.000209461
0.00023311
0.000212479
0.000209461
0.000209461
0.000247008
0.000209461
0.000209461
0.000211731
0.000213987
0.000211262
0.000209461
0.000209461
0.000209461
0.000209461
0.000209461
0.000209461
0.000271789
0.000209461
0.000211731
0.000209461
0.000209461
0.000209461
0.000209461
0.000219922
0.000209461
0.000209461
0.000215429
0.000209461
0.000209461
0.00023161
0.000211182
0.000219936
0.000209461
0.000209461
0.000209461
0.000209461
0.000220591
0.000214089
0.000209461
0.000209461
0.000209461
0.00023073
0.000209461
0.000209461
0.000214562
0.000209461
0.000209461
0.000209461
0.000209461
0.000209461
0.000209461
0.000268233
0.00021325
0.000209461
0.000209461
0.000209461
0.000209461
0.000209461
0.000209461
0.000209461
0.000213286
0.00025802
0.000209461
0.000227096
0.000219936
0.000219936
0.000209461
0.000209461
0.000209461
0.000209461
0.000209461
0.000209461
0.000209461
0.000209461
0.000209461
0.000209461
0.000209461
0.000209461
0.000209461
0.000209461
0.00022525
0.000477381
0.000209461
0.000209461
0.000371938
0.000209461
0.000213508
0.000209461
0.000213508
0.000213508
0.000209461
0.000209461
0.000209461
0.000220952
0.000209461
0.000219936
0.000209461
0.000213213
0.000234901
0.000209461
0.000209461
0.000209461
0.000226552
0.000209461
0.000226003
0.000213603
0.000212402
0.000209461
0.00022758
0.000215429
0.000209461
0.000209461
0.000209461
0.000209461
0.000209461
0.000209461
0.000209461
0.000223161
0.000209461
0.000209461
0.000209461
0.000220095
0.000209461
0.000209461
0.000223337
0.000209461
0.000212288
0.000209461
0.000209461
0.000209461
0.000209461
0.000209461
0.000222586
0.000209461
0.000209461
0.000209461
0.000211262
0.000214139
0.000216542
0.000209461
0.000209461
0.000209461
0.000209461
0.000209461
0.000209461
0.000213508
0.000209461
0.000209461
0.000209461
0.000216016
0.000209461
0.000209461
0.000209461
0.000209461
0.000209461
0.000209461
0.000209461
0.000209461
0.000209461
0.000209461
0.000209461
0.000209461
0.00021834
0.000224301
0.000209461
0.000209461
0.000209461
0.000219936
0.000209461
0.000209461
0.000209461
0.000209461
0.000209461
0.000209461
0.000241488
0.000209461
0.000209461
0.000209461
0.000209461
0.000211262
0.000209461
0.000209461
0.000209461
0.000209461
0.000209461
0.000229304
0.000209461
0.000209461
0.000217369
0.000210773
0.000212502
0.000215821
0.000209461
0.000209461
0.000243019
0.000209461
0.000209461
0.000209461
0.000209461
0.000209461
0.000209461
0.000209461
0.000209461
0.000221274
0.000209461
0.000209461
0.000209461
0.000209461
0.000209461
0.000209461
0.000224301
0.000209461
0.000209461
0.000215984
0.000209461
0.000209461
0.000209461
0.000212966
0.000209461
0.000209461
0.000209461
0.000370904
0.000211182
0.000209461
0.000245667
0.000209461
0.000209461
0.000209461
0.000215235
0.000209461
0.000211731
0.000213603
0.000209461
0.000312277
0.000265397
0.00021708
0.000209461
0.000220716
0.000209461
0.000217556
0.000218013
0.000220382
0.000209461
0.000209461
0.000215602
0.000273563
0.000212966
0.000209461
0.000209461
0.000209461
0.000209461
0.000209461
0.000211182
0.000209461
0.000209461
0.000209461
0.000209461
0.000209461
0.000209461
0.000384355
0.000212365
0.000216182
0.000212365
0.000245397
0.000209461
0.000209461
0.000209461
0.000209461
0.000234901
0.000209461
0.000233799
0.000209461
0.000209461
0.000209461
0.000209461
0.000209461
0.000209461
0.000209461
0.000209461
0.000209461
0.000223634
0.000209461
0.000209461
0.000209461
0.000209461
0.000209461
0.000209461
0.000209461
0.000209461
0.00023719
0.000211182
0.000209461
0.000209461
0.000209461
0.000209461
0.000209461
0.000209461
0.000209461
0.000209461
0.000209461
0.000209461
0.000364921
0.000209461
0.000209461
0.000209461
0.000211182
0.000209461
0.000226022
0.000224301
0.000214618
0.000211182
0.000209461
0.000209461
0.000225501
0.000209461
0.000214303
0.000226175
0.000209461
0.000209461
0.000209461
0.000211182
0.000211182
0.000209461
0.000209461
0.000209461
0.000209461
0.000209461
0.000209461
0.000209461
0.000209461
0.000209461
0.000226908
0.000209461
0.000210773
0.000209461
0.000209461
0.000209461
0.000209461
0.000209461
0.000209461
0.000219936
0.000209461
0.000209461
0.000209461
0.000209461
0.000209461
0.000209461
0.000240984
0.000209461
0.000209461
0.000229528
0.000209461
0.000209461
0.000227996
0.00021325
0.000228561
0.000209461
0.000209461
0.000209461
0.000212365
0.000226178
0.000238911
0.000222158
0.000209461
0.000266581
0.000224838
0.000209461
0.000209461
0.000209461
0.000408752
0.000209461
0.000209461
0.000209461
0.000209461
0.000209461
0.000209461
0.000209461
0.000209461
0.000209461
0.000209461
0.000209461
0.000209461
0.000209461
0.000215821
0.000209461
0.000212953
0.000209461
0.000214593
0.000213943
0.000209461
0.000209461
0.000216016
0.000209461
0.000209461
0.000209461
0.000209461
0.000212053
0.000218468
0.000304351
0.000209461
0.000209461
0.000209461
0.000209461
0.000237617
0.000234638
0.000209461
0.000209461
0.000209461
0.000224552
0.000209461
0.000273955
0.000209461
0.000209461
0.000209461
0.000209461
0.000209461
0.000209461
0.000209461
0.00022737
0.000209461
0.000214598
0.000209461
0.000209461
0.000209461
0.000209461
0.000209461
0.000209461
0.000209461
0.000243872
0.000209461
0.000216016
0.000209461
0.000209461
0.000209461
0.000209461
0.000209461
0.000209461
0.000209461
0.000222098
0.000209461
0.000214934
0.00022565
0.000209461
0.000209461
0.000236283
0.000211262
0.000234309
0.000284213
0.000209461
0.000220372
0.000209461
0.000209461
0.000209461
0.000209461
0.000209461
0.000209461
0.000209461
0.000209461
0.000209461
0.000216747
0.000215384
0.000249507
0.000209461
0.000209461
0.000209461
0.000209461
0.000215429
0.000229248
0.000238536
0.000209461
0.00023201
0.000209461
0.000209461
0.000209461
0.000209461
0.000209461
0.000209461
0.000209461
0.000209461
0.000209461
0.000209461
0.000209461
0.000209461
0.000209461
0.000209461
0.000209461
0.000209461
0.000209461
0.000217204
0.000209461
0.000220127
0.000209461
0.000209461
0.000245077
0.000209461
0.000209461
0.000223769
0.000209461
0.000209461
0.000209461
0.000209461
0.000209461
0.000209461
0.000209461
0.000209461
0.000209461
0.000209461
0.000211182
0.000209461
0.00022316
0.000209461
0.000209461
0.000209461
0.000211262
0.000209461
0.000209461
0.000209461
0.000209461
0.000209461
0.000212288
0.000209461
0.000209461
0.000209461
0.000209461
0.00022316
0.000209461
0.000209461
0.000209461
0.000219882
0.000209461
0.000209461
0.000209461
0.000231066
0.000209461
0.000209461
0.000209461
0.000209461
0.000220591
0.000220591
0.000209461
0.000209461
0.000209461
0.000209461
0.000217536
0.000215429
0.000209461
0.000209461
0.000212502
0.000234136
0.000223804
0.000216258
0.000212365
0.000209461
0.000209461
0.000209461
0.000209461
0.000220752
0.000209461
0.000209461
0.000209461
0.000209461
0.000209461
0.000210773
0.000209461
0.000209461
0.000209461
0.000212983
0.000238085
0.000209461
0.000209461
0.000209461
0.000234053
0.000214593
0.000209461
0.000209461
0.000209461
0.000211731
0.000303556
0.000304675
0.000209461
0.000209461
0.000238642
0.000209461
0.000209461
0.000209461
0.000209461
0.000214317
0.000209461
0.000209461
0.000224107
0.000213213
0.000209461
0.000215299
0.000209461
0.00022203
0.000232551
0.000209461
0.000209461
0.000222181
0.000211182
0.000209461
0.000209461
0.000209461
0.000209461
0.000209461
0.000209461
0.000224588
0.000209461
0.000211182
0.000209461
0.000222975
0.000209461
0.000209461
0.000209461
0.000209461
0.000209461
0.000209461
0.000212053
0.000209461
0.000217643
0.000209461
0.000211182
0.000215324
0.000209461
0.000209461
0.000209461
0.000212053
0.000224078
0.000209461
0.000209461
0.000209461
0.000213213
0.000209461
0.000209461
0.000209461
0.000209461
0.000209461
0.000209461
0.000209461
0.000209461
0.000209461
0.000209461
0.000209461
0.000217556
0.000209461
0.000209461
0.000218811
0.000209461
0.000209461
0.000221127
0.000209461
0.000209461
0.000209461
0.000219739
0.000209461
0.000214204
0.000209461
0.000209461
0.000212869
0.000212869
0.000212869
0.000219739
0.000209461
0.000219739
0.000212869
0.000209461
0.000214204
0.000219739
0.000209461
0.000212869
0.000249666
0.000209461
0.000209461
0.000211731
0.000209461
0.000230686
0.000209461
0.000223893
0.000209461
0.000209461
0.000209461
0.000211731
0.000215299
0.000209461
0.00021325
0.000259923
0.000209461
0.000222645
0.000209461
0.000214598
0.000217612
0.000209461
0.000209461
0.000209461
0.000209461
0.000211731
0.000209461
0.000219936
0.000209461
0.000209461
0.000209461
0.000209461
0.000209461
0.000209461
0.000209461
0.000238015
0.000211182
0.000209461
0.000209461
0.000209461
0.000235976
0.000242053
0.000209461
0.000209461
0.000209461
0.000215822
0.000209461
0.000216394
0.000209461
0.000209461
0.000209461
0.000209461
0.000226863
0.000495677
0.000209461
0.000209461
0.00029605
0.000764895
0.000209461
0.000213603
0.000239221
0.000212821
0.000214593
0.000209461
0.000211731
0.000220107
0.000243715
0.000209461
0.000209461
0.000217643
0.000245077
0.000209461
0.000209461
0.000217556
0.000217204
0.000209461
0.000209461
0.000209461
0.000209461
0.000209461
0.000209461
0.000235502
0.000209461
0.000209461
0.000209461
0.000220752
0.000209461
0.000209461
0.000209461
0.000211262
0.000216258
0.000209461
0.000217425
0.000209461
0.000209461
0.000209461
0.000209461
0.000209461
0.000209461
0.000209461
0.000209461
0.000214618
0.000232617
0.000225249
0.000214562
0.000216374
0.000212402
0.000209461
0.000224159
0.000209461
0.000215822
0.000209461
0.000209461
0.000231554
0.000209461
0.000209461
0.000211262
0.000211731
0.000209461
0.000211262
0.000217204
0.000222959
0.000224313
0.000237122
0.000264714
0.000209461
0.000216419
0.000221086
0.000209461
0.000209461
0.000214077
0.000213422
0.000213213
0.000209461
0.000209461
0.000212502
0.000209461
0.000209461
0.000209461
0.000209461
0.000219963
0.000209461
0.000209461
0.000209461
0.000224301
0.000223825
0.000209461
0.000209461
0.000209461
0.000215481
0.000209461
0.000209461
0.000209461
0.000245077
0.000209461
0.000220591
0.000270096
0.000209461
0.000209461
0.000209461
0.000209461
0.000209461
0.000211262
0.000209461
0.000209461
0.000220499
0.000209461
0.000209461
0.000209461
0.000212502
0.000209461
0.000209461
0.000209461
0.000217285
0.000216881
0.000209461
0.000209461
0.000247487
0.000209461
0.000209461
0.000209461
0.000209461
0.000212365
0.000209461
0.000305378
0.000218834
0.000209461
0.000209461
0.000209461
0.000209461
0.000209461
0.000213603
0.000209461
0.000209461
0.000209461
0.000209461
0.000209461
0.000212288
0.000209461
0.000209461
0.000212966
0.000209461
0.000212053
0.000214317
0.000209461
0.000209461
0.000209461
0.000209461
0.000209461
0.000213943
0.000219336
0.000209461
0.000215481
0.000213987
0.000209461
0.000219775
0.000209461
0.000209461
0.000209461
0.000209461
0.000209461
0.000209461
0.000227128
0.000209461
0.000209461
0.000224388
0.000209461
0.000209461
0.000209461
0.000209461
0.000209461
0.000209461
0.000209461
0.000209461
0.000209461
0.000209461
0.000209461
0.000209461
0.000209461
0.000209461
0.000209461
0.000209461
0.000209461
0.000209461
0.000209461
0.000209461
0.000220591
0.000209461
0.000211262
0.000209461
0.000209461
0.000212849
0.000209461
0.000216463
0.000209461
0.000212849
0.000209461
0.000217556
0.000215111
0.000209461
0.000209461
0.000209461
0.000209461
0.000209461
0.00029832
0.000214593
0.000220591
0.000209461
0.000209461
0.000212365
0.000224329
0.000209461
0.000209461
0.000209461
0.000209461
0.000226319
0.000209461
0.000209461
0.000220148
0.000209461
0.000224423
0.000209461
0.000209461
0.000212502
0.000209461
0.000209461
0.000209461
0.000209461
0.000209461
0.000212953
0.000209461
0.000209461
0.000209461
0.000209461
0.000209461
0.000209461
0.000209461
0.000213286
0.000215798
0.000213286
0.000209461
0.000296454
0.000374909
0.000217204
0.000209461
0.000209461
0.000209461
0.000209461
0.000209461
0.000209461
0.000209461
0.000209461
0.000209461
0.000209461
0.000209461
0.000209461
0.000209461
0.000209461
0.000209461
0.000209461
0.000219913
0.000209461
0.000209461
0.000212479
0.000209461
0.000209461
0.000209461
0.000215404
0.000210773
0.000209461
0.000209461
0.000209461
0.000212953
0.000236167
0.000209461
0.000209461
0.000209461
0.000209461
0.000209461
0.000215861
0.000209461
0.000209461
0.000209461
0.000219775
0.000217204
0.000214593
0.000218102
0.000227841
0.000209461
0.000209461
0.000209461
0.000252327
0.000209461
0.000216651
0.000209461
0.000236504
0.000233333
0.000209461
0.000209461
0.000218682
0.000209461
0.000209461
0.000209461
0
